4294967294,67
4294967294,93
4294967294,95
4294967294,52
4294967294,26
4294967294,1420
4294967278,296
4294967279,431
4294967294,6
4294967279,447
4294967279,165
4294967278,459
4294967279,158
4294967278,156
4294967279,393
4294967278,277
4294967279,285
4294967278,471
4294967278,318
4294967279,460
4294967279,314
4294967278,523
4294967279,203
4294967278,485
4294967279,193
4294967278,507
4294967278,217
4294967279,459
4294967278,489
4294967279,429
4294967279,179
4294967278,177
4294967278,501
4294967279,299
4294967278,161
4294967279,270
4294967278,495
4294967278,505
4294967278,198
4294967278,305
4294967279,153
4294967279,147
4294967278,241
4294967278,247
4294967279,227
4294967279,225
4294967279,239
4294967279,229
4294967278,226
4294967278,224
4294967279,216
4294967278,306
4294967279,458
4294967278,480
4294967279,440
4294967279,306
4294967278,479
4294967279,268
4294967278,301
4294967278,460
4294967278,159
4294967294,476
4294967278,146
4294967278,510
4294967279,180
4294967278,246
4294967279,95
4294967279,94
4294967279,90
4294967278,294
4294967278,458
4294967279,404
4294967278,522
4294967279,295
4294967278,475
4294967278,521
4294967279,419
4294967278,448
4294967293,131
4294967293,130
4294967293,129
4294967293,128
4294967293,127
4294967293,126
4294967293,125
4294967293,124
4294967293,123
4294967293,122
4294967293,121
4294967293,120
4294967293,119
4294967293,118
4294967293,117
4294967293,116
4294967293,115
4294967293,114
4294967293,113
4294967293,112
4294967293,111
4294967293,110
4294967293,109
4294967293,108
4294967293,107
4294967293,106
4294967293,105
4294967293,104
4294967293,103
4294967293,102
4294967293,101
4294967293,100
4294967293,99
4294967293,98
4294967293,97
4294967293,96
4294967293,95
4294967293,94
4294967293,93
4294967293,92
4294967293,91
4294967293,90
4294967293,89
4294967293,87
4294967293,86
4294967293,85
4294967293,84
4294967293,83
4294967293,82
4294967293,81
4294967293,80
4294967293,79
4294967293,78
4294967293,77
4294967293,76
4294967293,75
4294967293,74
4294967293,73
4294967293,72
4294967293,71
4294967293,70
4294967293,69
4294967293,68
4294967293,67
4294967293,66
4294967293,65
4294967293,64
4294967293,63
4294967293,62
4294967293,61
4294967293,60
4294967293,59
4294967293,58
4294967293,57
4294967293,56
4294967293,55
4294967293,54
4294967293,53
4294967293,52
4294967293,51
4294967293,50
4294967293,49
4294967293,48
4294967293,47
4294967293,46
4294967293,45
4294967293,44
4294967293,43
4294967293,42
4294967293,41
4294967293,40
4294967293,39
4294967293,38
4294967293,37
4294967293,36
4294967293,35
4294967293,34
4294967293,33
4294967293,32
4294967293,31
4294967293,30
4294967293,29
4294967293,28
4294967293,27
4294967293,26
4294967293,25
4294967293,24
4294967293,23
4294967293,22
4294967293,21
4294967293,20
4294967293,19
4294967293,18
4294967293,17
4294967293,16
4294967293,15
4294967293,14
4294967293,13
4294967293,12
4294967293,11
4294967293,10
4294967293,9
4294967293,8
4294967293,7
4294967293,6
4294967293,5
4294967293,4
4294967293,3
4294967278,51
4294967278,49
4294967278,47
4294967278,46
4294967278,45
4294967278,42
4294967278,41
4294967278,40
4294967278,39
4294967278,37
4294967278,36
4294967278,35
4294967278,34
4294967278,33
4294967278,32
4294967278,30
4294967278,29
4294967278,28
4294967278,27
4294967278,25
4294967278,24
4294967278,23
4294967278,22
4294967278,21
4294967278,20
4294967278,19
4294967278,18
4294967278,17
4294967278,16
4294967278,15
4294967278,14
4294967278,13
4294967278,12
4294967278,11
4294967278,10
4294967278,9
4294967278,8
4294967278,7
4294967278,6
4294967279,413
4294967278,313
4294967279,241
4294967279,423
4294967278,311
4294967278,5
4294967278,4
4294967279,132
4294967279,131
4294967279,130
4294967279,129
4294967279,128
4294967279,127
4294967279,126
4294967279,125
4294967279,124
4294967279,123
4294967279,122
4294967279,121
4294967279,120
4294967279,119
4294967278,511
4294967279,424
4294967279,307
4294967279,118
4294967279,117
4294967278,472
4294967278,160
4294967279,116
4294967279,115
4294967279,114
4294967279,113
4294967279,112
4294967279,111
4294967279,291
4294967278,288
4294967279,397
4294967278,287
4294967279,110
4294967279,109
4294967279,108
4294967279,107
4294967278,308
4294967279,436
4294967278,520
4294967279,435
4294967279,434
4294967279,106
4294967279,105
4294967279,104
4294967279,103
4294967279,102
4294967279,101
4294967279,100
4294967279,99
4294967279,98
4294967279,97
4294967279,96
4294967279,71
4294967279,70
4294967279,69
4294967279,64
4294967279,62
4294967279,61
4294967279,60
4294967279,56
4294967279,52
4294967279,48
4294967279,47
4294967279,46
4294967279,45
4294967279,41
4294967279,40
4294967279,39
4294967279,38
4294967279,36
4294967279,34
4294967279,32
4294967279,31
4294967279,30
4294967279,27
4294967279,23
4294967279,21
4294967279,20
4294967279,14
4294967279,13
4294967279,9
4294967278,211
4294967278,309
4294967279,73
4294967279,443
4294967278,506
4294967279,68
4294967279,58
4294967294,30
4294967279,446
4294967278,456
4294967279,417
4294967278,152
4294967279,152
4294967278,151
4294967279,151
4294967278,150
4294967279,150
4294967278,149
4294967278,148
4294967279,148
4294967278,147
4294967294,12
4294967294,427
4294967294,11
4294967294,68
4294967278,53
4294967278,52
4294967278,50
4294967278,48
4294967278,44
4294967278,43
4294967278,38
4294967279,67
4294967279,65
4294967279,63
4294967279,57
4294967279,54
4294967279,51
4294967279,49
4294967279,35
4294967278,519
4294967278,452
4294967278,142
4294967279,142
4294967278,141
